Dominant Frequencies:
Frequency: 49.60 Hz, Magnitude: 5049.14
Frequency: 49.80 Hz, Magnitude: 4013.65
Frequency: 100.00 Hz, Magnitude: 3379.30
Frequency: 85.60 Hz, Magnitude: 2814.94
Frequency: 33.40 Hz, Magnitude: 2134.10

Noise Characteristics:
rms_amplitude: 0.1483703132188135
noise_floor: 1.0116648439499572e-06
signal_to_noise_ratio: 43.3765736879688
