Dominant Frequencies:
Frequency: 49.80 Hz, Magnitude: 4834.28
Frequency: 49.60 Hz, Magnitude: 4510.40
Frequency: 85.60 Hz, Magnitude: 2793.01
Frequency: 49.40 Hz, Magnitude: 2633.86
Frequency: 100.00 Hz, Magnitude: 2496.86

Noise Characteristics:
rms_amplitude: 0.1583460728103401
noise_floor: 1.1635246342939502e-06
signal_to_noise_ratio: 43.33439010881925
